Train: 47765.98287364829
Test: 56427.55903328171
Full: 50900.58071675276
