Train: 88330.12648688511
Test: 89547.8571691578
Full: 80996.44681754889
