Train: 44090.15927733099
Test: 56258.371260621534
Full: 45480.89525589713
